"fixed.acidity" "volatile.acidity" "citric.acid" "residual.sugar" "chlorides" "free.sulfur.dioxide" "total.sulfur.dioxide" "density" "pH" "sulphates" "alcohol" "quality"
"236" 7.2 0.63 0 1.9 0.097 14 38 0.99675 3.37 0.58 9 "4"
"421" 8.8 0.61 0.3 2.8 0.088 17 46 0.9976 3.26 0.51 9.3 "2"
"864" 7.2 0.62 0.06 2.5 0.078 17 84 0.99746 3.51 0.53 9.7 "3"
"1248" 7.4 0.55 0.19 1.8 0.082 15 34 0.99655 3.49 0.68 10.5 "3"
"211" 9.7 0.53 0.6 2 0.039 5 19 0.99585 3.3 0.86 12.4 "4"
"80" 8.3 0.625 0.2 1.5 0.08 27 119 0.9972 3.16 1.12 9.1 "2"
"634" 10.1 0.935 0.22 3.4 0.105 11 86 1.001 3.43 0.64 11.3 "2"
"877" 7.1 0.47 0 2.2 0.067 7 14 0.99517 3.4 0.58 10.9 "2"
"302" 5.84339185506105 0.467780527025461 0.0865586584806442 1.84039904177189 0.0464239425063133 25.3740622848272 75.2842778861523 0.991591821218729 3.44546129360795 0.807880287468433 13.4546129360795 "6"
"504" 10.5 0.26 0.47 1.9 0.078 6 24 0.9976 3.18 1.04 10.9 "5"
"268" 7.9 0.35 0.46 3.6 0.078 15 37 0.9973 3.35 0.86 12.8 "6"
"610" 6.3 0.36 0.19 3.2 0.075 15 39 0.9956 3.56 0.52 12.7 "4"
"1076" 9.1 0.25 0.34 2 0.071 45 67 0.99769 3.44 0.86 10.2 "5"
"601" 8.2 0.915 0.27 2.1 0.088 7 23 0.9962 3.26 0.47 10 "2"
"541" 7.19195703864098 0.923277445286512 0.05 4.04477330446243 0.0723445109426975 10.816348284483 30.0924817621708 0.997606421250999 3.35861933261156 0.533793555796146 9.97010740339756 "1"
"1239" 8.1 0.73 0 2.5 0.081 12 24 0.99798 3.38 0.46 9.6 "2"
"29" 8.06931681062561 1.20454655149952 0.0134090517321602 2.97158836259041 0.101466012909776 5.67045258660801 10.340905173216 0.997549082760289 3.48659094826784 0.460340732794721 10.9670452586608 "1"
"1062" 9.1 0.4 0.5 1.8 0.071 7 16 0.99462 3.21 0.69 12.5 "6"
"251" 10.8 0.32 0.44 1.6 0.063 16 37 0.9985 3.22 0.78 10 "4"
"172" 5.2619340443518 0.430838650111109 0.249032208425924 2.04516104212962 0.0614451533481479 18.0064570731483 47.019371219445 0.991758709354769 3.67303251618519 0.738193558314815 13.9187101241667 "6"
"34" 7.45828517256305 1.30011321581202 0 3.62343439494725 0.108657034512609 5 12.5428706859238 0.99606377641242 3.59211463783402 0.499200379205868 10.758285172563 "1"
"1507" 6.8 0.81 0.05 2 0.07 6 14 0.99562 3.51 0.66 10.8 "4"
"1403" 7.6 0.3 0.42 2 0.052 6 24 0.9963 3.44 0.82 11.9 "4"
"46" 7.14882254805416 0.900631837728433 0.05 4.82119413502514 0.0768736324543133 7.14991658460349 22.5439459094778 0.997828563877521 3.37802985337563 0.527323382208124 10.0779436298646 "1"
"1130" 10.5 0.43 0.35 3.3 0.092 24 70 0.99798 3.21 0.69 10.5 "4"
"95" 5 1.02 0.04 1.4 0.045 41 85 0.9938 3.75 0.48 10.5 "2"
"451" 11.9 0.39 0.69 2.8 0.095 17 35 0.9994 3.1 0.61 10.8 "4"
"154" 11.1179680376779 0.341200672890991 0.571796803767793 2.51200672890991 0.0704399663554505 5.21998317772523 18.8597813104279 0.997529974766588 3.09060454201419 0.687397140213288 10.7360201867297 "6"
"264" 7.9 0.37 0.23 1.8 0.077 23 49 0.9963 3.28 0.67 9.3 "3"
"45" 6.88898496441543 0.844365038257092 0.0088984964415431 1.36017293594778 0.230338194660842 16.7118797153234 32.5593985766172 0.995126449633464 3.31822030071169 0.517118797153234 9.78220300711691 "1"
"444" 9.09392372816801 0.399746822007 0.4997974576056 1.80911440774798 0.0710354449190199 7.04050847887993 16.1063347570598 0.994633570340425 3.2107088983804 0.690860805176198 12.501519067958 "6"
"291" 6.46700027235784 0.523634792082012 0.0552260940615088 2.01021745051257 0.0528291329215281 30.5226094061509 69.3417341569439 0.992216865616455 3.48318260395899 0.786365207917988 13.4534346286673 "6"
"1387" 7.4 0.64 0.07 1.8 0.1 8 23 0.9961 3.3 0.58 9.6 "3"
"441" 12.6 0.31 0.72 2.2 0.072 6 29 0.9987 2.88 0.82 9.8 "6"
"355" 6.1 0.21 0.4 1.4 0.066 40.5 165 0.9912 3.25 0.59 11.9 "4"
"50" 7.30632280569989 1.08820023255656 0.0156128657166846 4.70277310578385 0.0923161402849946 4.37548537133262 14 0.997062140825214 3.55818081770325 0.533754853713326 10.5438713428332 "1"
"335" 7.9 0.65 0.01 2.5 0.078 17 38 0.9963 3.34 0.74 11.7 "5"
"830" 5.9 0.61 0.08 2.1 0.071 16 24 0.99376 3.56 0.77 11.1 "4"
"1264" 8.2 0.78 0 2.2 0.089 13 26 0.9978 3.37 0.46 9.6 "2"
"200" 6.9 1.09 0.06 2.1 0.061 12 31 0.9948 3.51 0.43 11.4 "2"
"2" 9.77026460170746 0.699949320554733 0.411969201564789 3.62312753200531 0.0772528629302978 7.15374493598938 33.5819404125214 0.999694026603699 3.31099117994308 0.549669606685638 9.48792943954468 "1"
"16" 8.9 0.62 0.19 3.9 0.17 51 148 0.9986 3.17 0.93 9.2 "3"
"162" 7.6 0.68 0.02 1.3 0.072 9 20 0.9965 3.17 1.08 9.2 "2"
"416" 8.6 0.725 0.24 6.6 0.117 31 134 1.0014 3.32 1.07 9.3 "3"
"61" 8.8 0.4 0.4 2.2 0.079 19 52 0.998 3.44 0.64 9.2 "3"
"231" 10.0821318591014 0.270559810455889 0.538826687727123 1.98213185910136 0.0814746940452606 37.6587445903569 67.1947888173163 0.994825621001404 2.9999463086389 0.632346624545753 11.7061350181699 "6"
"860" 6.8 0.56 0.22 1.8 0.074 15 24 0.99438 3.4 0.82 11.2 "4"
"94" 10.8470807278529 0.416186327533796 0.564318836499006 3.23734982069582 0.0739221527427435 5.24513454642147 16.7354036392644 0.997592215274274 3.1671594182495 0.659805381856859 11.5883229114115 "6"
"1136" 8 0.25 0.43 1.7 0.067 22 50 0.9946 3.38 0.6 11.9 "4"
"1433" 5.9 0.44 0 1.6 0.042 3 11 0.9944 3.48 0.85 11.7 "4"
"633" 7.6 0.41 0.14 3 0.087 21 43 0.9964 3.32 0.57 10.5 "4"
"642" 9.5 0.59 0.44 2.3 0.071 21 68 0.9992 3.46 0.63 9.5 "3"
"1556" 7 0.56 0.17 1.7 0.065 15 24 0.99514 3.44 0.68 10.55 "5"
"60" 7.07801404139027 0.868679036899703 0.0483510531042703 5.48563690355513 0.0817801404139027 3.16489468957298 13.8900702069513 0.997965673015229 3.40824473447865 0.526046138617676 10.1862587758689 "1"
"208" 7.8 0.57 0.31 1.8 0.069 26 120 0.99625 3.29 0.53 9.3 "3"
"37" 6.76501982072368 0.795760901398025 0.00699603585526347 1.4098810756579 0.20088746116776 12.5019820723683 23.053369523026 0.995161244312665 3.40045441233553 0.551976215131581 9.85247026891448 "1"
"534" 10.3 0.27 0.24 2.1 0.072 15 33 0.9956 3.22 0.66 12.8 "4"
"241" 10.16468820062 0.281174197222572 0.537647311419714 2.06468820062 0.0799415048456285 33.2950522529427 60.3544062343426 0.995142873228097 3.01999570586486 0.634705377160572 11.6117849135771 "6"
"56" 7.10495839044452 0.825805738447234 0.02 2.20495839044452 0.0795185939641669 6 11.7469010059722 0.996739049062561 3.53228307041805 0.594566140836105 10.2157539437292 "1"
"1212" 6.6 0.44 0.15 2.1 0.076 22 53 0.9957 3.32 0.62 9.3 "3"
"656" 9.7 0.55 0.17 2.9 0.087 20 53 1.0004 3.14 0.61 9.4 "3"
"72" 12.5120251387358 0.312419308684766 0.712742073945701 2.19120251387358 0.0719120251387358 6 28.626106839627 0.998622142247781 2.89033704619855 0.817140817008913 9.84178805910051 "6"
"152" 9.2 0.52 1 3.4 0.61 32 69 0.9996 2.74 2 9.4 "2"
"1223" 8.1 0.53 0.22 2.2 0.078 33 89 0.99678 3.26 0.46 9.6 "4"
"501" 5.1174462324474 0.504169799920637 0.202808693058323 1.8825537675526 0.057063844188815 17.6297939547803 57.4382613883354 0.991837020604522 3.68868100468069 0.755659497659653 13.7846819071798 "6"
"759" 8.1 0.87 0 2.2 0.084 10 31 0.99656 3.25 0.5 9.8 "3"
"256" 8 0.57 0.23 3.2 0.073 17 119 0.99675 3.26 0.57 9.3 "3"
"221" 10.4719158791006 0.357127628778107 0.525723422733136 2.48595793955028 0.0701425525755622 5.2851051511243 16 0.99683221435505 3.15855315453373 0.655702103022486 11.2138288633432 "6"
"1506" 6.7 0.76 0.02 1.8 0.078 6 12 0.996 3.55 0.63 9.95 "1"
"3" 11.0937860597856 0.592655348505359 0.588286358469632 2.15781550498214 0.127152463722508 7.89077524910681 33.9228065444622 1.00020941706975 3.21203395448392 0.595310697010718 8.74689302989282 "1"
"102" 8.66361418934539 0.410639950330369 0.507164405812509 3.9593478538096 0.079796739269048 12.978668322321 32.9573366446421 0.997636888612947 3.32080298687797 0.821819290532731 12.9347554451786 "6"
"12" 10.4 0.486582885426469 0.439181188116781 1.66441018385813 0.160070933520328 26.0535077801906 39.2314568608999 0.998615938330945 3.31971626591869 0.796976096187718 9.48897454035468 "1"
"833" 10.4 0.44 0.42 1.5 0.145 34 48 0.99832 3.38 0.86 9.9 "1"
"1068" 11.1 0.31 0.53 2.2 0.06 3 10 0.99572 3.02 0.83 10.9 "5"
"515" 10.5 0.51 0.64 2.4 0.107 6 15 0.9973 3.09 0.66 11.8 "5"
"151" 7.3 0.33 0.47 2.1 0.077 5 11 0.9958 3.33 0.53 10.3 "4"
"1240" 6.5 0.67 0 4.3 0.057 11 20 0.99488 3.45 0.56 11.8 "2"
"1359" 7.4 0.64 0.17 5.4 0.168 52 98 0.99736 3.28 0.5 9.5 "3"
"1291" 7.6 0.74 0 1.9 0.1 6 12 0.99521 3.36 0.59 11 "3"
"1193" 7.2 0.25 0.37 2.5 0.063 11 41 0.99439 3.52 0.8 12.4 "5"
"168" 7.3 0.55 0.03 1.6 0.072 17 42 0.9956 3.37 0.48 9 "2"
"493" 8.9 0.4 0.51 2.6 0.052 13 27 0.995 3.32 0.9 13.4 "5"
"1125" 6.5 0.58 0 2.2 0.096 3 13 0.99557 3.62 0.62 11.5 "2"
"62" 6.55971553642303 0.671990517880768 0.0179146609269083 4.2203792847693 0.0591895696688443 11.796207152307 21.7914660926908 0.994951658643708 3.44203792847693 0.55203792847693 11.6606637483463 "2"
"825" 7.1 0.48 0.28 2.8 0.068 6 16 0.99682 3.24 0.53 10.3 "3"
"705" 9.1 0.765 0.04 1.6 0.078 4 14 0.998 3.29 0.54 9.7 "2"
"673" 9.8 1.24 0.34 2 0.079 32 151 0.998 3.15 0.53 9.5 "3"
"392" 7.2046288984362 0.37953711015638 0.30976855507819 1.9953711015638 0.0564166008592583 15.046288984362 28.8842775390949 0.994707733419144 3.23023144492181 0.758611330469139 11.3023144492181 "6"
"660" 7.1 0.84 0.02 4.4 0.096 5 13 0.997 3.41 0.57 11 "2"
"1373" 8.7 0.78 0.51 1.7 0.415 12 66 0.99623 3 1.17 9.2 "3"
"1519" 7.4 0.47 0.46 2.2 0.114 7 20 0.99647 3.32 0.63 10.5 "3"
"423" 8.81651125494391 0.387523311758414 0.43600864167558 2.07063906867988 0.0712476688241586 6 13.3531953433994 0.995495592445163 3.29587218626402 0.752246985796373 11.7 "6"
"39" 8.13511686976999 0.997465972201899 0.0178015582635999 3.15817140899599 0.104115741888061 7.09922086820006 12.9785975627601 0.998457228014488 3.4624124661088 0.4921984417364 10.868093495816 "1"
"192" 7.83005176112056 0.560984471663833 0.165129402801394 2.36010352224112 0.0683056937232614 26.186542108655 36.5855068862438 0.993623057947606 3.38186542108655 0.733989647775888 12.8202070444822 "6"
"141" 9.06942469915375 0.645272227532696 0.340439854911529 2.1 0.0791036610053852 12.049215498846 44.3989539984614 0.998124607749423 3.30650261500385 0.54049215498846 9.33989539984614 "2"
"922" 8.4 0.36 0.32 2.2 0.081 32 79 0.9964 3.3 0.72 11 "4"
"387" 7.8 0.54 0.26 2 0.088 23 48 0.9981 3.41 0.74 9.2 "4"
"1390" 6.7 0.48 0.02 2.2 0.08 36 111 0.99524 3.1 0.53 9.7 "3"
"1203" 8.6 0.42 0.39 1.8 0.068 6 12 0.99516 3.35 0.69 11.7 "6"
"584" 12 0.28 0.49 1.9 0.074 10 21 0.9976 2.98 0.66 9.9 "5"
"27" 8.10742988903075 0.996731111591216 0.0248142527742311 3.76909271269105 0.0836790498150513 5.51857472257689 11.4814252774231 0.998785200922322 3.46716199260205 0.494814252774231 10.8716199260205 "1"
"142" 9.16777350462507 0.401074216512498 0.427851566975005 2.0162946684286 0.0685407366710715 5.72963166446425 13.081473342143 0.995711551404493 3.29592633289285 0.67918526657857 11.510742165125 "6"
"1138" 10.4 0.52 0.45 2 0.08 6 13 0.99774 3.22 0.76 11.4 "4"
"25" 6.87421710006893 0.788310278761201 0.02 1.97421710006893 0.0786533141252585 6 11.8911143124569 0.996317946207626 3.54237800187198 0.614756003743969 10.0643299719202 "1"
"485" 10.6 0.44 0.68 4.1 0.114 6 24 0.997 3.06 0.66 13.4 "4"
"22" 8.62971137992572 0.593106042817235 0.228617446478456 1.64353691514116 0.112943422285141 20.6032212534919 30.7755701830611 0.997209981189575 3.46133758524666 0.749955031725112 9.92392281919019 "1"
"657" 10.7 0.43 0.39 2.2 0.106 8 32 0.9986 2.89 0.5 9.6 "3"
"431" 10.9155433843378 0.504663015301339 0.585419544554316 5.66134793879464 0.0810020639963914 5.6155433843378 16.6932603060268 0.998338652061205 3.22384456615662 0.739979360036086 13.0924347074702 "6"
"442" 11.9 0.4 0.65 2.15 0.068 7 27 0.9988 3.06 0.68 11.3 "4"
"199" 5.4 0.835 0.08 1.2 0.046 13 93 0.9924 3.57 0.85 13 "5"
"948" 8.3 0.28 0.48 2.1 0.093 6 12 0.99408 3.26 0.62 12.4 "5"
"1238" 7.1 0.75 0.01 2.2 0.059 11 18 0.99242 3.39 0.4 12.8 "4"
"967" 9 0.38 0.41 2.4 0.103 6 10 0.99604 3.13 0.58 11.9 "5"
"1277" 8.5 0.4 0.4 6.3 0.05 3 10 0.99566 3.28 0.56 12 "2"
"411" 6.86237104430329 0.835582444620086 0.00623710443032905 1.31226787974592 0.241303129747044 16.4989683544263 31.4948417721316 0.995001896487339 3.31875257911393 0.514989683544263 9.78752579113934 "1"
"413" 9.88243883978576 0.325219514502678 0.451739838167559 5.91284531308338 0.0738699190837797 6.73983816755936 17.1756116021425 0.997547804854973 3.25087805801071 0.826959352670237 12.6347967633512 "6"
"161" 6.99658871369902 0.940071719031548 0.0115260367514566 2.83806049794657 0.0860502650861163 5.57630183757283 12.8473963248543 0.996254218897456 3.58389585299417 0.591867165381554 10.2677736218204 "1"
"974" 8.5 0.34 0.44 1.7 0.079 6 12 0.99605 3.52 0.63 10.7 "3"
"603" 7.7 0.835 0 2.6 0.081 6 14 0.9975 3.3 0.52 9.3 "3"
"1452" 7.8 0.32 0.44 2.7 0.104 8 17 0.99732 3.33 0.78 11 "5"
"1479" 7.1 0.875 0.05 5.7 0.082 3 14 0.99808 3.4 0.52 10.2 "1"
"1565" 7.2 0.695 0.13 2 0.076 12 20 0.99546 3.29 0.54 10.1 "3"
"1228" 9 0.58 0.25 2 0.104 8 21 0.99769 3.27 0.72 9.6 "3"
"1270" 5.5 0.49 0.03 1.8 0.044 28 87 0.9908 3.5 0.82 14 "6"
"19" 9.73296654378064 0.55619292463176 0.34038632941898 1.62910324959084 0.126925545057282 30.9875908428803 48.2151720826514 0.998046731455033 3.3649379542144 0.793296654378064 9.85696558346972 "1"
"391" 5.7 1.13 0.09 1.5 0.172 7 19 0.994 3.5 0.48 9.8 "2"
"373" 9.1 0.28 0.48 1.8 0.067 26 46 0.9967 3.32 1.04 10.6 "4"
"443" 15.6 0.685 0.76 3.7 0.1 6 43 1.0032 2.95 0.68 11.2 "5"
"951" 8.9 0.12 0.45 1.8 0.075 10 21 0.99552 3.41 0.76 11.9 "5"
"132" 9.10581578724086 0.403139473758638 0.423721052482724 1.99269172847271 0.0684817293211818 5.75913533940911 12.9634586423635 0.995651363907605 3.30182706788182 0.680365413576364 11.5313947375864 "6"
"456" 11.3 0.62 0.67 5.2 0.086 6 19 0.9988 3.22 0.69 13.4 "6"
"14" 7.32925905415323 1.1420501400216 0.00202116988133639 4.00240668953629 0.0950798886127304 5.10105849406682 13.7978830118664 0.99653936490356 3.62191532047465 0.549095264466014 10.6242061294499 "1"
"121" 6.54770998493768 0.670715649774065 0.00333969894563779 4.21412202711217 0.0570477099849377 10.7137400903739 19.4751901656855 0.99494870237831 3.44666030105436 0.559522900150623 11.7570610135561 "2"
"1564" 7.2 0.695 0.13 2 0.076 12 20 0.99546 3.29 0.54 10.1 "3"
"512" 7.05851323069073 0.544209155850112 0.0706568668875843 2.1388072240632 0.0582299034106545 32.0656866887584 58.540193178691 0.993083560690186 3.47289542207494 0.765790844149888 13.1191012174357 "6"
"381" 6.88728769444861 0.826929318241309 0.0011638359259814 1.32802195185795 0.25635090127727 15.4180820370093 27.9525476666167 0.994954987462419 3.32931068740785 0.508836164074019 9.86983015555889 "1"
"996" 7.7 0.6 0.06 2 0.079 19 41 0.99697 3.39 0.62 10.1 "4"
"17" 7.35501975158695 1.09279049075325 0.0224901242065243 3.28292465911945 0.0808071105713025 11.7470372619573 29.743086944567 0.996802411117859 3.48606320507824 0.544498024841305 10.2501975158695 "1"
"261" 7.9 0.417059103494976 0.417646882003173 3.21176308502909 0.0772941147000529 12.5294014501851 29.9411470005289 0.995552933882631 3.29705860250397 0.810588029003702 12.9058827949921 "6"
"10" 9.82558103012852 0.678559683500789 0.408469565566629 2.1 0.174243794576731 7.77944662841037 22.1147825825028 0.998964553361549 3.1877944662841 0.615176284648478 8.64088537446223 "1"
"48" 7.30004653490614 0.98009539655759 0.0499767325469293 2.10100050048204 0.0610167525662109 19.9930197640788 48.9837127828505 0.997049790592922 3.31014891169965 0.549995346509386 9.70046534906141 "1"
"1470" 7.3 0.98 0.05 2.1 0.061 20 49 0.99705 3.31 0.55 9.7 "1"
"28" 7.44220890759025 1.17726170027512 0.000937975724227727 4.21013603172032 0.096390315779252 5.04689878621139 13.8593036413658 0.996708805184011 3.62296518206829 0.537655060689431 10.7140696358634 "1"
"15" 7.10418371080887 0.879323167835828 0.049302714865189 5.67977873109048 0.0822091855404433 3.02789140539244 14 0.99805936036001 3.40320751162013 0.520278914053924 10.2069728513481 "1"
"164" 9.92800995896105 0.320308075344656 0.547815154793207 2.71876769862138 0.0759383849310689 5.59383849310689 16.5938384931069 0.996724929205514 3.15 0.810336393138859 11.4156869451748 "6"
"1483" 7.2 0.58 0.54 2.1 0.114 3 9 0.99719 3.33 0.57 10.3 "2"
"471" 13 0.32 0.65 2.6 0.093 15 47 0.9996 3.05 0.61 10.6 "3"
"1522" 6.9 0.48 0.2 1.9 0.082 9 23 0.99585 3.39 0.43 9.05 "2"
"52" 7.30346715722699 1.08524939580122 0.0160888071288355 4.71657540673623 0.0921733578613494 4.35644771484658 14 0.997076228691014 3.55599148720736 0.533564477148466 10.5391119287116 "1"
"1229" 5.1 0.42 0 1.8 0.044 18 88 0.99157 3.68 0.73 13.6 "5"
"1273" 5.9 0.46 0 1.9 0.077 25 44 0.99385 3.5 0.53 11.2 "3"
"1450" 7.2 0.38 0.31 2 0.056 15 29 0.99472 3.23 0.76 11.3 "6"
"30" 7.8 0.645 0 2 0.082 8 16 0.9964 3.38 0.59 9.8 "4"
"239" 7.2 0.63 0 1.9 0.097 14 38 0.99675 3.37 0.58 9 "4"
"93" 7.94308442168403 0.49172727172263 0.298444806307089 5.51376624237746 0.0558967531821691 6.9311687881127 16.2243505811784 0.995522409092416 3.32258766187122 0.546896104039624 11.7051623408915 "2"
"458" 9.2 0.63 0.21 2.7 0.097 29 65 0.9988 3.28 0.58 9.6 "3"
"331" 7.4536584682297 1.29097547475365 0 3.67317146653077 0.107731693645939 5 12.6585382942576 0.996106342092287 3.5951219956507 0.502439072239213 10.7536584682297 "1"
"58" 7.28472683131695 0.855018110089004 0.02 2.38472683131695 0.0801927256174386 6 11.6345457304269 0.997067126467153 3.52441820112988 0.578836402259767 10.3337269830517 "1"
"370" 9.4 0.27 0.53 2.4 0.074 6 18 0.9962 3.2 1.13 12 "5"
"138" 7.2 0.415 0.36 2 0.081 13 45 0.9972 3.48 0.64 9.2 "3"
"225" 8.4 0.635 0.36 2 0.089 15 55 0.99745 3.31 0.57 10.4 "2"
"252" 9.02277537668124 0.409009539387189 0.489703383557498 1.84504769693594 0.0713217692638282 7.06435385276563 16.0643538527656 0.994473916754222 3.20935646147234 0.691930615582969 12.5386123116594 "6"
"1089" 11.6 0.41 0.54 1.5 0.095 22 41 0.99735 3.02 0.76 9.9 "5"
"57" 7.01477094106376 0.850496645555831 0.0436078205797821 4.86901667537168 0.0811477094106376 3.63921794202179 13.5738547053188 0.997636808893532 3.43196089710109 0.543437991207465 10.1467318381649 "1"
"59" 6.91442148825154 0.821646177872317 0.0360816116188653 3.89060951045249 0.0801442148825154 4.39183883811347 13.0721074412577 0.997114991738908 3.46959194190567 0.571034090730827 10.0840134301572 "1"
"382" 5.99613238405436 0.473364234860055 0.186635765139945 2.10672846972011 0.0617788078286685 24.3364234860055 48.2211921713315 0.992578731067362 3.62750199290924 0.74 13.5375099645462 "6"
"899" 8.3 0.31 0.39 2.4 0.078 17 43 0.99444 3.31 0.77 12.5 "5"
"412" 8.04780633710325 0.770450088744983 0.00782904943451285 2.31732217986137 0.0749977287668735 9.91225348412991 19.8245069682598 0.997776444714703 3.37478063371032 0.426074119117111 9.46951584275812 "2"
"410" 12.5 0.46 0.49 4.5 0.07 26 49 0.9981 3.05 0.57 9.6 "2"
"506" 10.2 0.49 0.63 2.9 0.072 10 26 0.9968 3.16 0.78 12.5 "5"
"1209" 7.2 0.36 0.46 2.1 0.074 24 44 0.99534 3.4 0.85 11 "5"
"1451" 7.2 0.37 0.32 2 0.062 15 28 0.9947 3.23 0.73 11.3 "5"
"206" 12.8 0.3 0.74 2.6 0.095 9 28 0.9994 3.2 0.77 10.8 "5"
"1404" 7.2 0.33 0.33 1.7 0.061 3 13 0.996 3.23 1.1 10 "6"
"1485" 6.8 0.91 0.06 2 0.06 4 11 0.99592 3.53 0.64 10.9 "2"
"481" 7.3751646575518 0.38500470450148 0.32000940900296 1.9749764774926 0.057501411350444 13.873941487167 26.8730005868711 0.994775051749516 3.24501411350444 0.75124176712241 11.3500470450148 "6"
"1065" 8.2 0.74 0.09 2 0.067 5 10 0.99418 3.28 0.57 11.8 "4"
"44" 7.1585738001857 0.933329354061279 0.0358573800185695 1.84543284033425 0.119267594323494 18.8685904014856 43.3429520074278 0.996388125384869 3.31282852399629 0.538685904014856 9.72828523996286 "1"
"214" 9.86120080910623 0.37621247471543 0.514272515170742 2.18060040455312 0.0705242494943086 6.04849898861721 16 0.995847436304684 3.18145496965852 0.670969979772344 11.7863742414629 "6"
"1127" 5.8 0.29 0.26 1.7 0.063 3 11 0.9915 3.39 0.54 13.5 "4"
"910" 7.3 0.305 0.39 1.2 0.059 7 11 0.99331 3.29 0.52 11.5 "4"
"358" 10.5 0.42 0.66 2.95 0.116 12 29 0.997 3.24 0.75 11.7 "5"
"71" 8.19283051402308 0.911952968459809 0.27 2.09641525701154 0.0877132205609232 7.14338971953839 24.4338971953839 0.996211471177563 3.26107542289654 0.470358474298846 9.99283051402308 "2"
"725" 7.5 1.115 0.1 3.1 0.086 5 12 0.9958 3.54 0.6 11.2 "2"
"122" 8.85639743132051 0.31812008562265 0.523759828754701 3.08992136996239 0.079275196575094 9.26161541207694 24.2480342490599 0.996726161541208 3.2224803424906 0.89825589725282 12.0986418836983 "6"
"1341" 7.5 0.51 0.02 1.7 0.084 13 31 0.99538 3.36 0.54 10.5 "4"
"110" 8.1 0.785 0.52 2 0.122 37 153 0.9969 3.21 0.69 9.3 "3"
"7" 6.80603293410968 0.755701367536094 0.0334690483869053 1.80859726492781 0.0814962210706435 5.97134245024063 12.1146301990375 0.996097435669182 3.53882355559384 0.63 9.90558079787297 "1"
"137" 8.3 0.715 0.15 1.8 0.089 10 52 0.9968 3.23 0.77 9.5 "3"
"938" 12 0.63 0.5 1.4 0.071 6 26 0.99791 3.07 0.6 10.4 "2"
"452" 8.4 0.37 0.53 1.8 0.413 9 26 0.9979 3.06 1.06 9.1 "4"
"635" 7.9 0.35 0.21 1.9 0.073 46 102 0.9964 3.27 0.58 9.5 "3"
"91" 7.63090191958472 0.767684751801426 0.113094983499032 1.40772547989618 0.251535992052173 13.4611330234911 25.9995208459441 0.995792480556348 3.28307102579623 0.537696730652824 9.47687147571705 "1"
"1195" 7 0.745 0.12 1.8 0.114 15 64 0.99588 3.22 0.59 9.5 "4"
"896" 7.1 0.59 0.01 2.3 0.08 27 43 0.9955 3.42 0.58 10.7 "4"
"6" 10.9107080497313 0.671905593369156 0.526319136917591 2.45065161827952 0.0760887634856626 9.16449460573494 39.4804514516145 1.0004073124647 3.29804156017024 0.553289892114699 9.41775269713253 "1"
"340" 12.5 0.28 0.54 2.3 0.082 12 29 0.9997 3.11 1.36 9.8 "5"
"1236" 6 0.33 0.32 12.9 0.054 6 113 0.99572 3.3 0.56 11.5 "2"
"4" 7.87412174695637 0.926593325864524 0.131445178056601 2.11335166853387 0.062735716909403 18.6648331466131 48.7329666293226 0.99755068757002 3.30198899887968 0.552670333706774 9.60653832026292 "1"
"503" 10.4 0.44 0.73 6.55 0.074 38 76 0.999 3.17 0.85 12 "5"
"11" 10.4 0.443893170631491 0.421603070260026 1.51374060222879 0.146259555204306 33.3358708922751 47.2671678811312 0.998344733084012 3.37496177918278 0.85473276914563 9.86564849442802 "1"
"13" 7.32620757771656 1.14019745789934 0.00210835492238402 3.99172652200796 0.0949970628237352 5.1054177461192 13.7891645077616 0.996536749352328 3.62156658031046 0.549487597150728 10.6209366904106 "1"
"420" 6.8 0.77 0 1.8 0.066 34 52 0.9976 3.62 0.68 9.9 "3"
"282" 8.78118357588537 0.413960547470488 0.402078905059025 1.869022314623 0.0681725557865575 5.91372210672125 12.345111573115 0.995336006902289 3.33274442134425 0.68654888426885 11.6396054747049 "6"
"205" 7 0.43 0.36 1.6 0.089 14 37 0.99615 3.34 0.56 9.2 "4"
"1550" 7.4 0.36 0.3 1.8 0.074 17 24 0.99419 3.24 0.7 11.4 "6"
"1469" 7.3 0.48 0.32 2.1 0.062 31 54 0.99728 3.3 0.65 10 "5"
"1004" 6.8 0.36 0.32 1.8 0.067 4 8 0.9928 3.36 0.55 12.8 "5"
"286" 9.9 0.59 0.07 3.4 0.102 32 71 1.00015 3.31 0.71 9.8 "3"
"321" 9.8 0.66 0.39 3.2 0.083 21 59 0.9989 3.37 0.71 11.5 "5"
"1262" 6.3 1.02 0 2 0.083 17 24 0.99437 3.59 0.55 11.2 "2"
"1043" 8.9 0.5 0.21 2.2 0.088 21 39 0.99692 3.33 0.83 11.1 "4"
"201" 7.87529320579488 0.547412038261537 0.278233014487196 2.45058641158976 0.0732822526374366 14.4237664933316 23.9179023774341 0.992799663654533 3.26423766493332 0.724941358841024 13.0011728231795 "6"
"664" 10.1 0.28 0.46 1.8 0.05 5 13 0.9974 3.04 0.79 10.2 "4"
"627" 8.8 0.6 0.29 2.2 0.098 5 15 0.9988 3.36 0.49 9.1 "3"
"518" 10.4 0.61 0.49 2.1 0.2 5 16 0.9994 3.16 0.63 8.4 "1"
"1397" 8.7 0.675 0.1 1.6 0.09 4 11 0.99745 3.31 0.65 9.55 "3"
"903" 7.4 0.635 0.1 2.4 0.08 16 33 0.99736 3.58 0.69 10.8 "5"
"20" 9.54424601485953 0.589066823218018 0.317861621128395 1.66562980357558 0.121811827499419 30.1353045832366 48.276049672626 0.997969416915765 3.36067652291618 0.774424601485953 9.84479006547481 "1"
"758" 8.1 0.87 0 2.2 0.084 10 31 0.99656 3.25 0.5 9.8 "3"
"1009" 8.9 0.35 0.4 3.6 0.11 12 24 0.99549 3.23 0.7 12 "5"
"1467" 7.3 0.48 0.32 2.1 0.062 31 54 0.99728 3.3 0.65 10 "5"
"210" 11 0.3 0.58 2.1 0.054 7 19 0.998 3.31 0.88 10.5 "5"
"814" 6.9 0.39 0.24 2.1 0.102 4 7 0.99462 3.44 0.58 11.4 "2"
"988" 7.1 0.36 0.3 1.6 0.08 35 70 0.99693 3.44 0.5 9.4 "3"
"611" 8.8 0.24 0.54 2.5 0.083 25 57 0.9983 3.39 0.54 9.2 "3"
"1098" 8.6 0.52 0.38 1.5 0.096 5 18 0.99666 3.2 0.52 9.4 "3"
"590" 10.2 0.29 0.49 2.6 0.059 5 13 0.9976 3.05 0.74 10.5 "5"
"1" 11.367945584096 0.5858013603976 0.627125624413602 2.180662132008 0.0983657136699185 9.03310660040006 41.0052609224804 1.00052926984811 3.2325959188072 0.581602720795199 8.88397279204801 "1"
"1328" 6.7 0.46 0.24 1.7 0.077 18 34 0.9948 3.39 0.6 10.6 "4"
"496" 10.7 0.35 0.53 2.6 0.07 5 16 0.9972 3.15 0.65 11 "6"
"900" 8.3 1.02 0.02 3.4 0.084 6 11 0.99892 3.48 0.49 11 "1"
"8" 7.58495258612093 0.724123543805908 0.13241289607482 1.87175291238818 0.107179517704528 5.76082362537272 12.9567054985091 0.996813199673733 3.45672121389536 0.63 9.57927661932772 "1"
"369" 10.3 0.34 0.52 2.8 0.159 15 75 0.9998 3.18 0.64 9.4 "3"
"1449" 6.9 0.58 0.01 1.9 0.08 40 54 0.99683 3.4 0.73 9.7 "3"
"47" 7.07773630153388 0.90665297950618 0.0277736301533878 1.69992534276098 0.152572643768042 18.221890412271 40.1094520613551 0.996009805891178 3.31444527396932 0.53221890412271 9.74445273969322 "1"
"589" 5 0.42 0.24 2 0.06 19 50 0.9917 3.72 0.74 14 "6"
"1415" 10 0.32 0.59 2.2 0.077 3 15 0.9994 3.2 0.78 9.6 "3"
"806" 8.2 0.28 0.4 2.4 0.052 4 10 0.99356 3.33 0.7 12.8 "5"
"1320" 9.1 0.76 0.68 1.7 0.414 18 64 0.99652 2.9 1.33 9.1 "4"
"859" 11.7 0.28 0.47 1.7 0.054 17 32 0.99686 3.15 0.67 10.6 "5"
"26" 7.81535213552415 0.941244722022675 0.02 2.91535213552415 0.0821825705082156 6 11.3029049152974 0.998035517647332 3.50120334407082 0.532406688141636 10.6819498389377 "1"
"339" 12.4 0.49 0.58 3 0.103 28 99 1.0008 3.16 1 11.5 "4"
"462" 8.3 0.615 0.22 2.6 0.087 6 19 0.9982 3.26 0.61 9.3 "3"
"1031" 7.1 0.59 0 2.1 0.091 9 14 0.99488 3.42 0.55 11.5 "5"
"1460" 7.9 0.2 0.35 1.7 0.054 7 15 0.99458 3.32 0.8 11.9 "5"
"438" 11.1 0.45 0.73 3.2 0.066 6 22 0.9986 3.17 0.66 11.2 "4"
"1543" 6.7 0.855 0.02 1.9 0.064 29 38 0.99472 3.3 0.56 10.75 "4"
"1168" 8.2 0.33 0.39 2.5 0.074 29 48 0.99528 3.32 0.88 12.4 "5"
"180" 8.8 0.61 0.14 2.4 0.067 10 42 0.9969 3.19 0.59 9.5 "3"
"332" 7.3101233443711 0.36898766556289 0.304493832781445 1.8898766556289 0.0659111009933986 16.101233443711 26.2469163907226 0.994428173137417 3.23550616721855 0.726962996688671 11.3550616721855 "6"
"74" 8.3 0.675 0.26 2.1 0.084 11 43 0.9976 3.31 0.53 9.2 "2"
"947" 10.2 0.44 0.58 4.1 0.092 11 24 0.99745 3.29 0.99 12 "5"
"422" 6.6 0.84 0.03 2.3 0.059 32 48 0.9952 3.52 0.56 12.3 "5"
"1308" 6.8 0.68 0.09 3.9 0.068 15 29 0.99524 3.41 0.52 11.1 "2"
"523" 8.2 0.39 0.49 2.3 0.099 47 133 0.9979 3.38 0.99 9.8 "3"
"18" 8.1 0.56 0.28 1.7 0.368 16 56 0.9968 3.11 1.28 9.3 "3"
"112" 9.19346950717736 0.417173720889259 0.46347834627144 2.18695865678601 0.103565059397835 27.7825788049959 70.3696356739383 0.997679127958128 3.34478248059284 0.766086614914238 9.7239124029642 "2"
"1369" 8 0.77 0.32 2.1 0.079 16 74 0.99656 3.27 0.5 9.8 "4"
"279" 10.3 0.32 0.45 6.4 0.073 5 13 0.9976 3.23 0.82 12.6 "6"
"54" 8.6 0.38 0.36 3 0.081 30 119 0.997 3.2 0.56 9.4 "3"
"341" 8.11061596395448 0.389585431199521 0.401061596395448 1.90414568800479 0.0631890733996406 11.1658275201917 22.7694697203115 0.994672072844002 3.22041456880048 0.726450990801677 11.8751258719712 "6"
"53" 7.29428761336021 0.977000997014111 0.05 2.2028229595162 0.0615998005971778 19.514447135618 48.000332338037 0.997079418791195 3.3125705739879 0.549143142004032 9.71428096659947 "1"
"704" 7.5 0.38 0.48 2.6 0.073 22 84 0.9972 3.32 0.7 9.6 "2"
"1190" 8.8 0.955 0.05 1.8 0.075 5 19 0.99616 3.3 0.44 9.6 "2"
"1083" 7.2 0.38 0.3 1.8 0.073 31 70 0.99685 3.42 0.59 9.5 "4"
"1234" 10.2 0.23 0.37 2.2 0.057 14 36 0.99614 3.23 0.49 9.3 "2"
"82" 11.4905161932344 0.333357553826645 0.609051619323436 2.43357553826645 0.0708321223086678 5.41606115433387 21.4087950063404 0.997824091731501 3.03766348832985 0.720730396236759 10.5007266147994 "6"
"351" 7.46762708292808 0.361591225480661 0.307956127403304 1.8 0.0738806580889504 16.6021936298348 23.6817549038678 0.994207105673917 3.2388065808895 0.699602193629835 11.4437587007182 "6"
"577" 9.9 0.5 0.24 2.3 0.103 6 14 0.9978 3.34 0.52 10 "2"
"574" 10.5 0.59 0.49 2.1 0.07 14 47 0.9991 3.3 0.56 9.6 "2"
"278" 11.5 0.18 0.51 4 0.104 4 23 0.9996 3.28 0.97 10.1 "4"
"472" 7.25028030360118 0.329314359496348 0.335256577194668 1.72514015180059 0.0614342389856465 3.06856405036524 13.0914187338203 0.996009141873382 3.22817162532359 1.09588615697809 10.0388529618736 "6"
"33" 8.3 0.655 0.12 2.3 0.083 15 113 0.9966 3.17 0.66 9.8 "3"
"1178" 7.1 0.66 0 2.4 0.052 6 11 0.99318 3.35 0.66 12.7 "5"
"1183" 10.2 0.4 0.4 2.5 0.068 41 54 0.99754 3.38 0.86 10.5 "4"
"766" 9.2 0.67 0.1 3 0.091 12 48 0.99888 3.31 0.54 9.5 "4"
"55" 6.75216410076246 0.779126836946234 0.0226082050381228 1.82608205038123 0.0765220171450637 7.21716235112399 15.2167862136848 0.996091287176334 3.52913435969502 0.623044786565006 9.92826495801564 "1"
"615" 9.2 0.755 0.18 2.2 0.148 10 103 0.9969 2.87 1.36 10.2 "4"
"1231" 7.7 0.18 0.34 2.7 0.066 15 58 0.9947 3.37 0.78 11.8 "4"
"24" 8.19382488485426 0.630804334282875 0.181494582146406 1.6788790633902 0.105050342509523 17.3046207502484 26.5345123931766 0.996936668576449 3.48136480258778 0.722859384734184 9.9298131772317 "1"
"1276" 8 0.715 0.22 2.3 0.075 13 81 0.99688 3.24 0.54 9.5 "4"
"839" 10.1 0.31 0.35 1.6 0.075 9 28 0.99672 3.24 0.83 11.2 "5"
"691" 7.4 1.185 0 4.25 0.097 5 14 0.9966 3.63 0.54 10.7 "1"
"1091" 10 0.26 0.54 1.9 0.083 42 74 0.99451 2.98 0.63 11.8 "6"
"461" 4.6 0.52 0.15 2.1 0.054 8 65 0.9934 3.9 0.56 13.1 "2"
"648" 8.3 0.845 0.01 2.2 0.07 5 14 0.9967 3.32 0.58 11 "2"
"1588" 5.8 0.61 0.11 1.8 0.066 18 28 0.99483 3.55 0.66 10.9 "4"
"1151" 8.2 0.33 0.32 2.8 0.067 4 12 0.99473 3.3 0.76 12.8 "5"
"1087" 8.5 0.34 0.4 4.7 0.055 3 9 0.99738 3.38 0.66 11.6 "5"
"721" 8.4 0.56 0.04 2 0.082 10 22 0.9976 3.22 0.44 9.6 "3"
"1207" 7.2 0.36 0.46 2.1 0.074 24 44 0.99534 3.4 0.85 11 "5"
"436" 12.3 0.39 0.63 2.3 0.091 6 18 1.0004 3.16 0.49 9.5 "3"
"322" 8.36371077043004 0.404809978099074 0.379873318732716 1.78312219788786 0.0668185538521502 5.49366593663581 12.1687780211214 0.995301773537742 3.32974663746543 0.759198988659773 11.4130773640936 "6"
"1453" 6.6 0.58 0.02 2 0.062 37 53 0.99374 3.35 0.76 11.6 "5"
"371" 11.4922418690985 0.333321223808452 0.609224186909851 2.43321223808453 0.0708339388095774 5.41696940478869 21.4206022622529 0.997825454107183 3.03741826070705 0.720884798814077 10.4996367142536 "6"
"510" 10.0393375824904 0.374596175758634 0.300379619079176 2.25355413916986 0.0816349040181376 9.71566886641085 24.2180893826298 0.99702899871022 3.28890955308685 0.506066241750959 9.67487897418905 "2"
"222" 7.4 0.53 0.26 2 0.101 16 72 0.9957 3.15 0.57 9.4 "3"
"113" 8.51004475569352 0.37541853148723 0.480334825189784 2.68493286645971 0.0744414055917878 10.9330349620432 26.3242167753633 0.995937566712284 3.27882811183576 0.773576992943417 12.6474888110766 "6"
"310" 5.71011311672628 0.650281107099727 0.024494344163686 1.61011311672628 0.0763295627757907 6 13 0.995284646289609 3.64715346971527 0.618164781387895 10.081647813879 "2"
"262" 7 0.975 0.04 2 0.087 12 67 0.99565 3.35 0.6 9.4 "2"
"521" 7.87531785140745 0.531114426506683 0.338025428112596 2.46544499197043 0.0759012714056298 8.44427867466584 17.3455500802957 0.992440830306821 3.2019745718874 0.719012714056298 13.0160806947853 "6"
"1462" 6.2 0.785 0 2.1 0.06 6 13 0.99664 3.59 0.61 10 "2"
"101" 8.8335834428668 0.933730486184358 0.0488805519044399 1.7776110380888 0.075335834428668 4.88805519044399 18.44027595222 0.996365978449583 3.29888055190444 0.451194480955601 9.6111944809556 "2"
"463" 11.8642813330516 0.325488814041018 0.646428133305162 2.35488814041019 0.0712255592979491 5.61277964897454 23.966135436669 0.998119169473462 2.98454949477687 0.754172540325671 10.2646644212306 "6"
"1090" 11.6 0.41 0.54 1.5 0.095 22 41 0.99735 3.02 0.76 9.9 "5"
"38" 8.1 0.38 0.28 2.1 0.066 13 30 0.9968 3.23 0.73 9.7 "5"
"1121" 7.9 0.54 0.34 2.5 0.076 8 17 0.99235 3.2 0.72 13.1 "6"
"182" 8.9 0.61 0.49 2 0.27 23 110 0.9972 3.12 1.02 9.3 "3"
"1364" 8 0.83 0.27 2 0.08 11 63 0.99652 3.29 0.48 9.8 "2"
"1585" 6.7 0.32 0.44 2.4 0.061 24 34 0.99484 3.29 0.8 11.6 "5"
"287" 12 0.45 0.55 2 0.073 25 49 0.9997 3.1 0.76 10.3 "4"
"150" 8.2 0.4 0.44 2.8 0.089 11 43 0.9975 3.53 0.61 10.5 "4"
"482" 9.4 0.3 0.56 2.8 0.08 6 17 0.9964 3.15 0.92 11.7 "6"
"111" 6.62115504983813 0.52245135132689 0.0726930299028754 2.16971123754047 0.0978173257475719 3.30288762459531 11.1826742524281 0.995282256756634 3.56548022757284 0.607884495016187 11.4697112375405 "2"
"81" 8.06892827183474 0.7465038916911 0.00436905760550872 2.11261884788983 0.0865242006902117 13.5825410140678 28.3301640562713 0.997479602442263 3.37 0.462912705070339 9.51261884788983 "2"
"212" 7.31256454903632 0.669092084974982 0.0624784836545587 1.9 0.0833752151634544 6.93717725481838 15.4363166010007 0.996448218596103 3.35561962091364 0.471256454903632 9.49694492812268 "2"
"41" 7.3 0.45 0.36 5.9 0.074 12 87 0.9978 3.33 0.83 10.5 "3"
"245" 15 0.21 0.44 2.2 0.075 10 24 1.00005 3.07 0.84 9.2 "5"
"1441" 7.2 0.37 0.32 2 0.062 15 28 0.9947 3.23 0.73 11.3 "5"
"511" 5.92182052754797 0.809041023766622 0.055851282319054 1.53165385217872 0.047925641159527 15.2182052754797 81.7098715070169 0.992658919242618 3.54537179420237 0.808297435361892 12.8707435884047 "6"
"49" 7.01393340472132 0.850255853857379 0.043545005354099 4.86085069603287 0.0811393340472132 3.6454994645901 13.5696670236066 0.997632453704551 3.43227497322951 0.543668313701637 10.1462083779508 "1"
"1528" 7.1 0.53 0.07 1.7 0.071 15 24 0.9951 3.29 0.66 10.8 "4"
"1535" 6.6 0.56 0.14 2.4 0.064 13 29 0.99397 3.42 0.62 11.7 "5"
"139" 7.8 0.56 0.19 2.1 0.081 15 105 0.9962 3.33 0.54 9.5 "3"
"1370" 6.6 0.61 0 1.6 0.069 4 8 0.99396 3.33 0.37 10.4 "2"
"153" 8.95125082291197 0.877562541145599 0.247351170883048 2.63416721527465 0.0913244145584758 11 73.4184613937978 0.998549335088879 3.35341672152746 0.552476253174245 10.4794648735086 "2"
"281" 11.4 0.26 0.44 3.6 0.071 6 19 0.9986 3.12 0.82 9.3 "4"
"419" 11.9 0.38 0.51 2 0.121 7 20 0.9996 3.24 0.76 10.4 "4"
"946" 10.2 0.44 0.42 2 0.071 7 20 0.99566 3.14 0.79 11.1 "5"
"207" 12.8 0.3 0.74 2.6 0.095 9 28 0.9994 3.2 0.77 10.8 "5"
"40" 7.92127448327374 0.968240846047411 0.0149503264436498 2.84453590880148 0.130204513040604 8.52483677817509 15.5447062007152 0.997857043716388 3.4396026115492 0.49504967355635 10.697019586619 "1"
"1406" 7.7 0.28 0.3 2 0.062 18 34 0.9952 3.28 0.9 11.3 "5"
"311" 10.5745961404406 0.340594710533041 0.504919228088111 3.79133666581474 0.0709405289466958 5 15.0594710533042 0.997325403859559 3.17508077191189 0.703296640312765 11.5016154382378 "6"
"1375" 6.8 0.815 0 1.2 0.267 16 29 0.99471 3.32 0.51 9.8 "1"
