"fixed.acidity" "volatile.acidity" "citric.acid" "residual.sugar" "chlorides" "free.sulfur.dioxide" "total.sulfur.dioxide" "density" "pH" "sulphates" "alcohol" "quality"
"1089" 11.6 0.41 0.54 1.5 0.095 22 41 0.99735 3.02 0.76 9.9 "5"
"52" 11.0239000286441 0.495755012889858 0.605576673350297 4.00356679079123 0.0786373340971768 5.53983338107355 17.6195001432206 0.998063733409718 3.18778833667515 0.671593335242942 12.2956001145765 "6"
"111" 6.13743100455031 0.994407802397618 0.04 1.74122930136509 0.0688860510955565 24.5072504340205 74.7631209590472 0.994852123679209 3.52251379908994 0.548245860273018 9.87441294749733 "2"
"112" 8.44380368383136 0.404380368383136 0.405619631616864 2.20164767014794 0.0702313759452663 8.0082383507397 17.5784398631658 0.995637514452287 3.35 0.727933391069528 11.9454513539793 "6"
"448" 9.3 0.48 0.29 2.1 0.127 6 16 0.9968 3.22 0.72 11.2 "3"
"151" 9.75472524613142 0.379539836058393 0.512276098364964 2.12736262306571 0.0705907967211679 6.18159344233572 16 0.995675744459387 3.18544780327007 0.673631868846714 11.8861950817518 "6"
"950" 8.9 0.12 0.45 1.8 0.075 10 21 0.99552 3.41 0.76 11.9 "5"
"181" 8.56025731668342 0.4268130314257 0.387161236905958 1.83974268331658 0.0684542020950466 6.11355052376166 12.2838763094041 0.995000461514115 3.34148371071788 0.691703257856425 11.7794853666332 "6"
"426" 6.6 0.84 0.03 2.3 0.059 32 48 0.9952 3.52 0.56 12.3 "5"
"732" 8.9 0.875 0.13 3.45 0.088 4 14 0.9994 3.44 0.52 11.5 "3"
"284" 8.9 0.4 0.32 5.6 0.087 10 47 0.9991 3.38 0.77 10.5 "5"
"1522" 6.9 0.48 0.2 1.9 0.082 9 23 0.99585 3.39 0.43 9.05 "2"
"1277" 8.5 0.4 0.4 6.3 0.05 3 10 0.99566 3.28 0.56 12 "2"
"543" 9.3 0.715 0.24 2.1 0.07 5 20 0.9966 3.12 0.59 9.9 "3"
"986" 7.4 0.58 0 2 0.064 7 11 0.99562 3.45 0.58 11.3 "4"
"38" 11.1907321162988 0.587219634889625 0.645961065585725 5.3311214604415 0.0845795175118838 5.89073211629875 18.3443926977925 0.998668878539559 3.22109267883701 0.704204824881162 13.312585693039 "6"
"74" 8.3 0.675 0.26 2.1 0.084 11 43 0.9976 3.31 0.53 9.2 "2"
"46" 4.6 0.52 0.15 2.1 0.054 8 65 0.9934 3.9 0.56 13.1 "2"
"16" 7.14233502950519 0.897225890490226 0.05 4.93796946890652 0.0775548219019547 6.59847750794142 21.4086301634088 0.997861974598048 3.38094923672266 0.526350254425779 10.094162426237 "1"
"813" 10.8 0.45 0.33 2.5 0.099 20 38 0.99818 3.24 0.71 10.8 "3"
"691" 7.4 1.185 0 4.25 0.097 5 14 0.9966 3.63 0.54 10.7 "1"
"1147" 7.8 0.5 0.12 1.8 0.178 6 21 0.996 3.28 0.87 9.8 "4"
"43" 6.27600858148653 0.516991602834314 0.0502437021257356 1.96869751771446 0.0510852957440075 30.0243702125736 72.8294085119851 0.991937021269396 3.48650419858284 0.793008397165686 13.5613864539424 "6"
"1478" 5.3 0.47 0.11 2.2 0.048 16 89 0.99182 3.54 0.88 13.6 "5"
"1501" 7.5 0.725 0.04 1.5 0.076 8 15 0.99508 3.26 0.53 9.6 "3"
"822" 4.9 0.42 0 2.1 0.048 16 42 0.99154 3.71 0.74 14 "5"
"365" 12.8 0.615 0.66 5.8 0.083 7 42 1.0022 3.07 0.73 10 "5"
"1223" 8.1 0.53 0.22 2.2 0.078 33 89 0.99678 3.26 0.46 9.6 "4"
"301" 8.81860854388215 0.307928065310698 0.499218165951315 2.50930427194107 0.0749788919698913 5.2071934689302 15.9429246252403 0.996294292462524 3.17114150749519 0.967568391864188 11.2507429657271 "6"
"1104" 7.4 0.49 0.27 2.1 0.071 14 25 0.99388 3.35 0.63 12 "4"
"1340" 7.5 0.51 0.02 1.7 0.084 13 31 0.99538 3.36 0.54 10.5 "4"
"1462" 6.2 0.785 0 2.1 0.06 6 13 0.99664 3.59 0.61 10 "2"
"1164" 9 0.785 0.24 1.7 0.078 10 21 0.99692 3.29 0.67 10 "3"
"63" 7.5 0.52 0.16 1.9 0.085 12 35 0.9968 3.38 0.62 9.5 "5"
"1567" 6.7 0.16 0.64 2.1 0.059 24 52 0.99494 3.34 0.71 11.2 "4"
"73" 7.7 0.69 0.22 1.9 0.084 18 94 0.9961 3.31 0.48 9.5 "3"
"1399" 7 0.6 0.12 2.2 0.083 13 28 0.9966 3.52 0.62 10.2 "5"
"1572" 6.4 0.38 0.14 2.2 0.038 15 25 0.99514 3.44 0.65 11.1 "4"
"1112" 5.4 0.42 0.27 2 0.092 23 55 0.99471 3.78 0.64 12.3 "5"
"874" 9.1 0.21 0.37 1.6 0.067 6 10 0.99552 3.23 0.58 11.1 "5"
"1203" 8.6 0.42 0.39 1.8 0.068 6 12 0.99516 3.35 0.69 11.7 "6"
"152" 9.2 0.52 1 3.4 0.61 32 69 0.9996 2.74 2 9.4 "2"
"291" 7.19751250536647 0.975762922212016 0.0337479157722555 5.22868955739541 0.0868756252683233 3.65008336910978 14 0.997598938306859 3.47475958744762 0.526500833691098 10.3625208422774 "1"
"1585" 6.7 0.32 0.44 2.4 0.061 24 34 0.99484 3.29 0.8 11.6 "5"
"81" 6.87083694017492 1.03750649231486 0.06 2.07083694017492 0.0607083694017492 9.66695521399379 25.1673880349845 0.995126626270041 3.51583261196502 0.491242425632663 11.2541847008746 "2"
"873" 7.3 0.35 0.24 2 0.067 28 48 0.99576 3.43 0.54 10 "2"
"1133" 7.4 0.36 0.34 1.8 0.075 18 38 0.9933 3.38 0.88 13.6 "5"
"938" 12 0.63 0.5 1.4 0.071 6 26 0.99791 3.07 0.6 10.4 "2"
"902" 7.4 0.635 0.1 2.4 0.08 16 33 0.99736 3.58 0.69 10.8 "5"
"210" 7.15157473310828 0.398238211739808 0.225157473310828 1.96289368327707 0.0725659475084394 20.9497998226434 38.7234208192676 0.995793395685051 3.41515747331083 0.499183051604778 9.64748999113217 "2"
"507" 10.4 0.24 0.46 1.8 0.075 6 21 0.9976 3.25 1.02 10.8 "5"
"1093" 7 0.54 0.09 2 0.081 10 16 0.99479 3.43 0.59 11.5 "4"
"201" 8.52139019563328 0.368673798323143 0.393058812296949 2.22652403353713 0.0612855607825331 11.2245994410478 24.0919792733621 0.99565629933862 3.19979679552838 0.718470593851525 11.1867379832314 "6"
"492" 9.2 0.41 0.5 2.5 0.055 12 25 0.9952 3.34 0.79 13.3 "5"
"1186" 7 0.43 0.3 2 0.085 6 39 0.99346 3.33 0.46 11.9 "4"
"949" 8.9 0.12 0.45 1.8 0.075 10 21 0.99552 3.41 0.76 11.9 "5"
"251" 10.4270230094669 0.339500884979498 0.536299469012301 2.64199646008201 0.0720998230041005 5.20998230041005 16.20998230041 0.997032014159672 3.15 0.706695221110713 11.146987610287 "6"
"3" 9.7147662629839 0.851563431165414 0.363748984183185 3.12017360973405 0.0843238990360405 7.75567412259988 32.1874492091592 0.998914766262984 3.42056876668241 0.556534044735599 9.76307079831604 "1"
"1127" 5.8 0.29 0.26 1.7 0.063 3 11 0.9915 3.39 0.54 13.5 "4"
"230" 6.9 0.52 0.25 2.6 0.081 10 37 0.99685 3.46 0.5 11 "3"
"941" 9.6 0.33 0.52 2.2 0.074 13 25 0.99509 3.36 0.76 12.4 "5"
"134" 6.6 0.5 0.01 1.5 0.06 17 26 0.9952 3.4 0.58 9.8 "4"
"10" 10.2206463796552 0.778692604835378 0.443244431088679 2.87325593373971 0.0815536031590309 8.35791235673241 36.1622215544339 0.999420646379655 3.37479866088834 0.560147474140394 9.55830979871098 "1"
"518" 10.4 0.61 0.49 2.1 0.2 5 16 0.9994 3.16 0.63 8.4 "1"
"37" 8.31702700650785 0.674148649674608 0.248081095444504 2.11702700650785 0.0855324305857066 11 48.4486420825124 0.997559135184381 3.29127029284136 0.540216203904711 9.2 "2"
"1090" 11.6 0.41 0.54 1.5 0.095 22 41 0.99735 3.02 0.76 9.9 "5"
"310" 11.9230375442654 0.328616467532702 0.664150597401895 2.13230375442654 0.0713230375442654 6 26.1229095631279 0.998100888226675 2.95954308854882 0.797998720188625 10.1215571664739 "6"
"39" 5.7 1.13 0.09 1.5 0.172 7 19 0.994 3.5 0.48 9.8 "2"
"831" 7.5 0.685 0.07 2.5 0.058 5 9 0.99632 3.38 0.55 10.9 "2"
"411" 9.06580741065554 0.401367703573778 0.492477630344219 1.8 0.0707948444639332 6.93161482131109 15.7264592852443 0.994656927996492 3.21957392501645 0.69 12.4452918570489 "6"
"569" 9.8 0.5 0.49 2.6 0.25 5 20 0.999 3.31 0.79 10.7 "4"
"36" 10.6491002649069 0.817724933773279 0.503101543709636 2.17622750662267 0.0889766708277166 8.8113753311336 37.9664525166154 0.999364141400009 3.30943123344332 0.529586761258543 9.45167737416923 "1"
"11" 9.40914940494113 0.799913030719617 0.328161069473717 2.81010959312553 0.165980796236312 5 15.3394329366274 0.998475206111278 3.31523325989256 0.600274482148234 9.15965212287847 "1"
"32" 7.81106746513396 1.50688019957859 0.0369368063984439 2.1 0.141749017965514 5 9.52766866283491 0.995109768942222 3.47437037923373 0.417337684636004 10.7115469061304 "1"
"232" 8.55143796999473 0.328285401000176 0.503429197999649 3.25256641600281 0.078868583959993 11.0913721800316 28.3141604000703 0.996909137218003 3.2631416040007 0.886057518799789 12.3222788220039 "6"
"131" 7.09519649492577 0.522943228883669 0.153152841217816 2.87598247462884 0.0835615719594061 7.8288210304454 25.3423579391092 0.99645510913427 3.38609607010148 0.457327509289607 9.03048035050742 "2"
"1043" 8.9 0.5 0.21 2.2 0.088 21 39 0.99692 3.33 0.83 11.1 "4"
"834" 11.6 0.47 0.44 1.6 0.147 36 51 0.99836 3.38 0.86 9.9 "2"
"496" 10.7 0.35 0.53 2.6 0.07 5 16 0.9972 3.15 0.65 11 "6"
"241" 10.6049215713283 0.346343137358781 0.532194117584731 2.61462745056488 0.0707313725282438 5.07313725282438 16.0731372528244 0.99714149019774 3.15 0.669747058262583 11.0511960769771 "6"
"1483" 7.2 0.58 0.54 2.1 0.114 3 9 0.99719 3.33 0.57 10.3 "2"
"601" 8.2 0.915 0.27 2.1 0.088 7 23 0.9962 3.26 0.47 10 "2"
"669" 10 0.73 0.43 2.3 0.059 15 31 0.9966 3.15 0.57 11 "3"
"830" 5.9 0.61 0.08 2.1 0.071 16 24 0.99376 3.56 0.77 11.1 "4"
"1" 7.44169534076937 1.17899388543679 0.00655212497804314 4.22964870271971 0.0967716683719773 5.04963731043972 14.3276062489022 0.996641695340769 3.62622756440658 0.540297823862638 10.6831233144505 "1"
"26" 6.3 0.39 0.16 1.4 0.08 11 23 0.9955 3.34 0.56 9.3 "3"
"263" 9.66737140417099 0.382269643619657 0.510638213828206 2.0836857020855 0.0706453928723931 6.29078574478626 16 0.995534886389226 3.18872357234359 0.675815714895725 11.9680893085897 "6"
"12" 9.95292427516542 0.695689513926627 0.416977631610353 2.42040426946478 0.184650400114013 5 15.7019495167769 0.998982729323488 3.23004186355742 0.616587728254963 8.74275805570651 "1"
"331" 5.43303401372395 0.480624761921354 0.0581257142359391 1.82678639451042 0.0461429115608335 26.7946122470312 82.0445170155726 0.990920538775297 3.52946503396146 0.809285442195833 14 "6"
"281" 5.4580855066888 0.484131970936432 0.0476040871907026 1.81676579732448 0.0453412637859583 27.2455391203985 83.8983274949715 0.99087544608796 3.51844237705693 0.813293681070208 14 "6"
"1405" 8 0.5 0.39 2.6 0.082 12 46 0.9985 3.43 0.62 10.7 "4"
"1103" 6.1 0.48 0.09 1.7 0.078 18 30 0.99402 3.45 0.54 11.2 "4"
"602" 13.2 0.46 0.52 2.2 0.071 12 35 1.0006 3.1 0.56 9 "4"
"101" 8.69855838594958 0.925412862568628 0.0415465321624652 1.86762774270028 0.0773669709945098 6.35255485400558 20.1834854972549 0.996437273745071 3.31183485497255 0.443381387135014 9.6 "2"
"1059" 9.9 0.53 0.57 2.4 0.093 30 52 0.9971 3.19 0.76 11.6 "5"
"262" 7 0.975 0.04 2 0.087 12 67 0.99565 3.35 0.6 9.4 "2"
"932" 7.4 0.61 0.01 2 0.074 13 38 0.99748 3.48 0.65 9.8 "3"
"1190" 8.8 0.955 0.05 1.8 0.075 5 19 0.99616 3.3 0.44 9.6 "2"
"5" 8.23035228196531 1.42241192950867 0.104008126524277 2.11575880704913 0.127071951559046 5.78794035245664 14.9883466786705 0.995711831945768 3.46060298237717 0.426789971983526 10.6005826660665 "1"
"148" 7.6 0.49 0.26 1.6 0.236 10 88 0.9968 3.11 0.8 9.3 "3"
"231" 5.2 0.48 0.04 1.6 0.054 19 106 0.9927 3.54 0.62 12.2 "5"
"7" 7.3991282580886 1.18321292908164 0.000435870955698192 4.23125754890498 0.0966861729118973 5.13076128670946 14.3051096689887 0.996603922838601 3.62721042588353 0.54008717419114 10.691282580886 "1"
"1450" 7.2 0.38 0.31 2 0.056 15 29 0.99472 3.23 0.76 11.3 "6"
"268" 7.9 0.35 0.46 3.6 0.078 15 37 0.9973 3.35 0.86 12.8 "6"
"33" 7.4162921352312 1.21717696708161 0 4.07485954626463 0.100258427046239 5 13.5926966192201 0.996450112355873 3.61941011209972 0.528595505338162 10.7162921352312 "1"
"1178" 7.1 0.66 0 2.4 0.052 6 11 0.99318 3.35 0.66 12.7 "5"
"351" 7.9 0.42300634780433 0.413890727702528 3.17733167060651 0.0772315121283755 12.3102924493141 29.3151212837547 0.995397992517729 3.29236340962816 0.806205848986283 12.9152731807437 "6"
"892" 7.2 0.66 0.03 2.3 0.078 16 86 0.99743 3.53 0.57 9.7 "3"
"798" 9.3 0.37 0.44 1.6 0.038 21 42 0.99526 3.24 0.81 10.8 "5"
"20" 10.0961946702562 0.715246846375521 0.43683406729484 2.1 0.193164380080765 5 15.2404866756406 0.998896551167853 3.19689064718317 0.605044562199619 8.6712547586998 "1"
"704" 7.5 0.38 0.48 2.6 0.073 22 84 0.9972 3.32 0.7 9.6 "2"
"842" 6.6 0.66 0 3 0.115 21 31 0.99629 3.45 0.63 10.3 "3"
"578" 8.8 0.44 0.49 2.8 0.083 18 111 0.9982 3.3 0.6 9.5 "3"
"110" 5.75518276253715 1.11896344749257 0.0884950155671686 1.52508307388052 0.166381391450763 6.84950155671686 18.5986708179116 0.994096319003701 3.50150498443283 0.488026583641767 9.85518276253715 "2"
"18" 7.6467469383264 0.947744470853358 0.0991896819486283 2.10806388228666 0.0620483046972658 19.193611771334 48.8387223542668 0.99735239558575 3.305161670628 0.551612776457332 9.64355282399338 "1"
"41" 8.13425983239431 0.85218207392958 0.015524672253523 2.17790131098591 0.0688950655492954 4.88950655492954 13.6685196647886 0.996613815112845 3.3432036234648 0.586629606704228 10.988950655493 "2"
"621" 8.3 0.54 0.24 3.4 0.076 16 112 0.9976 3.27 0.61 9.4 "3"
"827" 7.5 0.27 0.34 2.3 0.05 4 8 0.9951 3.4 0.64 11 "5"
"1300" 7.6 1.58 0 2.1 0.137 5 9 0.99476 3.5 0.4 10.9 "1"
"2" 9.85300160888582 1.01674959777854 0.371745265466161 2.15632504022215 0.101515224660048 7.81625201110728 30.4035152844153 0.998162032429418 3.35918739944464 0.495752568377648 9.82982423577923 "1"
"1364" 8 0.83 0.27 2 0.08 11 63 0.99652 3.29 0.48 9.8 "2"
"479" 9.6 0.68 0.24 2.2 0.087 5 28 0.9988 3.14 0.6 10.2 "3"
"637" 9.6 0.88 0.28 2.4 0.086 30 147 0.9979 3.24 0.53 9.4 "3"
"959" 6.4 0.57 0.12 2.3 0.12 25 36 0.99519 3.47 0.71 11.3 "5"
"62" 10.5210928918794 0.386327867563814 0.498640436213464 6.13468852974474 0.0758742075944319 5.22109289187938 14.3265573512763 0.997865311470255 3.22778907108121 0.791257924055681 12.7768743135035 "6"
"1356" 6.1 0.32 0.25 1.8 0.086 5 32 0.99464 3.36 0.44 10.1 "3"
"95" 5 1.02 0.04 1.4 0.045 41 85 0.9938 3.75 0.48 10.5 "2"
"17" 7.31744901409838 1.01577047890169 0.0412754929508083 2.47515380311525 0.0672816450754181 17.3826478852425 42.8928450655658 0.996971479436557 3.36583684511483 0.548255098590162 9.87449014098383 "1"
"51" 9.71303122271784 0.874678396482486 0.213171139224432 3.1268455689773 0.102268455689773 11 83.4960843822919 1.00017143155923 3.37764540072065 0.628618565374054 10.8219797457103 "2"
"1386" 8 0.81 0.25 3.4 0.076 34 85 0.99668 3.19 0.42 9.2 "3"
"410" 12.5 0.46 0.49 4.5 0.07 26 49 0.9981 3.05 0.57 9.6 "2"
"386" 7.4 0.63 0.07 2.4 0.09 11 37 0.9979 3.43 0.76 9.7 "4"
"1404" 7.2 0.33 0.33 1.7 0.061 3 13 0.996 3.23 1.1 10 "6"
"1395" 6.4 0.57 0.14 3.9 0.07 27 73 0.99669 3.32 0.48 9.2 "3"
"424" 10.5 0.24 0.47 2.1 0.066 6 24 0.9978 3.15 0.9 11 "5"
"35" 7.10036308343988 0.87551194765023 0.0499636916560121 5.69738579923287 0.0820399391783867 3.00145233375952 13.9963691656012 0.998077589125959 3.40007261668798 0.519912859974429 10.2005083168158 "1"
"1265" 8.5 0.37 0.32 1.8 0.066 26 51 0.99456 3.38 0.72 11.8 "4"
"86" 6.9 0.55 0.15 2.2 0.076 19 40 0.9961 3.41 0.59 10.1 "3"
"808" 8.2 0.28 0.4 2.4 0.052 4 10 0.99356 3.33 0.7 12.8 "5"
"948" 8.3 0.28 0.48 2.1 0.093 6 12 0.99408 3.26 0.62 12.4 "5"
"896" 7.1 0.59 0.01 2.3 0.08 27 43 0.9955 3.42 0.58 10.7 "4"
"1481" 5.6 0.62 0.03 1.5 0.08 6 13 0.99498 3.66 0.62 10.1 "2"
"482" 9.4 0.3 0.56 2.8 0.08 6 17 0.9964 3.15 0.92 11.7 "6"
"1409" 8.1 0.29 0.36 2.2 0.048 35 53 0.995 3.27 1.01 12.4 "5"
"1052" 8.5 0.46 0.59 1.4 0.414 16 45 0.99702 3.03 1.34 9.2 "3"
"29" 7.1 0.71 0 1.9 0.08 14 35 0.9972 3.47 0.55 9.4 "3"
"499" 10.7 0.35 0.53 2.6 0.07 5 16 0.9972 3.15 0.65 11 "6"
"1412" 6.4 0.47 0.4 2.4 0.071 8 19 0.9963 3.56 0.73 10.6 "4"
"191" 7.4 0.59 0.08 4.4 0.086 6 29 0.9974 3.38 0.5 9 "2"
"31" 7.52198534291238 1.42397068582475 0.0130024428479373 2.1 0.117236286871135 8.9007328543812 19.4019542783499 0.995355511882436 3.45059071717784 0.439007328543812 10.5879413716495 "1"
"24" 10.256204277277 0.65981494680047 0.464835748523474 2.1 0.196764596238732 5 15.6405106931925 0.999161709945202 3.17746090918779 0.61818820849061 8.52838903814554 "1"
"28" 10.9648346222471 0.621638619208243 0.573899804349057 2.69401751603 0.0751291828937829 9.01196496794 42.3421205631457 1.00041607781611 3.27117217925843 0.562942606913857 9.16937743406743 "1"
"141" 6.22926492202096 1.03296809762949 0.0106102616968565 1.94105410168413 0.0934923699002247 15.8210820336826 23.4105410168413 0.994326380035246 3.57938973830314 0.541747574235778 11.0349514847156 "2"
"25" 7.11104359643068 0.890571470967261 0.0488956403569318 5.62048610569909 0.083214795607375 3.04417438572273 13.8895640356932 0.9980066705197 3.40220871928614 0.517349536856636 10.215461035003 "1"
"589" 5 0.42 0.24 2 0.06 19 50 0.9917 3.72 0.74 14 "6"
"44" 11.5241650309646 0.332649157242849 0.612416503096465 2.42649157242849 0.0708675421378575 5.43377106892876 21.6390238960739 0.997850656603393 3.03288181138923 0.72374108171789 10.4794747172855 "6"
"80" 8.3 0.625 0.2 1.5 0.08 27 119 0.9972 3.16 1.12 9.1 "2"
"584" 12 0.28 0.49 1.9 0.074 10 21 0.9976 2.98 0.66 9.9 "5"
"1417" 10 0.32 0.59 2.2 0.077 3 15 0.9994 3.2 0.78 9.6 "3"
"598" 11.9 0.58 0.58 1.9 0.071 5 18 0.998 3.09 0.63 10 "4"
"1017" 8.9 0.38 0.4 2.2 0.068 12 28 0.99486 3.27 0.75 12.6 "5"
"1076" 9.1 0.25 0.34 2 0.071 45 67 0.99769 3.44 0.86 10.2 "5"
"23" 8.31274739434011 0.777612709242385 0.211699652578682 4.37700284253806 0.125364906827919 3.73499842081219 14.7349984208122 0.998565098957736 3.31180018950254 0.56042491314467 9.53850142126903 "1"
"504" 10.5 0.26 0.47 1.9 0.078 6 24 0.9976 3.18 1.04 10.9 "5"
"1087" 8.5 0.34 0.4 4.7 0.055 3 9 0.99738 3.38 0.66 11.6 "5"
"1485" 6.8 0.91 0.06 2 0.06 4 11 0.99592 3.53 0.64 10.9 "2"
"145" 5.2 0.34 0 1.8 0.05 27 63 0.9916 3.68 0.79 14 "4"
"829" 7.8 0.57 0.09 2.3 0.065 34 45 0.99417 3.46 0.74 12.7 "6"
"22" 8.65146844491828 0.81869570173556 0.241821327665821 2.1 0.121598101239884 13.460636556847 34.6134004250634 0.998074500272761 3.24460636556847 0.584876605030149 9.13325516826007 "1"
"132" 10.1881299834698 0.365995938016567 0.52040243719006 2.34406499173492 0.0703199187603313 5.6398375206627 16 0.996374609598345 3.16919512561988 0.662796750413254 11.479878140497 "6"
"684" 8.1 0.78 0.23 2.6 0.059 5 15 0.997 3.37 0.56 11.3 "3"
"192" 7.22814537426457 0.379758753934875 0.311769137810916 2.0048249213025 0.0561125814970583 14.9195846449584 28.8954600384459 0.99473994300805 3.22935667715967 0.759115431094542 11.2975875393488 "6"
"6" 8.03657167453784 0.813602523558075 0.176957493659575 4.97155536424834 0.0803349836897105 4.45688927150331 20.8681922799442 0.998646105545498 3.36878094418207 0.530406351939309 9.95024755345657 "1"
"1359" 7.4 0.64 0.17 5.4 0.168 52 98 0.99736 3.28 0.5 9.5 "3"
"82" 7.61444875691086 0.56005975483451 0.0999402451654896 2.28011950966902 0.0646686584944837 33.005975483451 45.3313415055163 0.994006317296275 3.47722975828685 0.74 12.7861487914342 "6"
"104" 8.1 0.575 0.22 2.1 0.077 12 65 0.9967 3.29 0.51 9.2 "3"
"456" 11.3 0.62 0.67 5.2 0.086 6 19 0.9988 3.22 0.69 13.4 "6"
"1121" 7.9 0.54 0.34 2.5 0.076 8 17 0.99235 3.2 0.72 13.1 "6"
"14" 7.42098196507432 1.22196393014863 0.0298363391542807 2.1 0.0916487644854933 13.9509017462842 32.8690713234246 0.996126504333266 3.38662191121373 0.489509017462842 10.1839278602973 "1"
"15" 7.54604933932424 1.47209867864847 0.00899177677929401 2.1 0.123332499295473 7.6975330337882 16.1934214234352 0.995171823376492 3.46583124823868 0.426975330337882 10.6841973572969 "1"
"858" 8.2 0.26 0.34 2.5 0.073 16 47 0.99594 3.4 0.78 11.3 "5"
"953" 8.2 0.31 0.4 2.2 0.058 6 10 0.99536 3.31 0.68 11.2 "5"
"162" 7.6 0.68 0.02 1.3 0.072 9 20 0.9965 3.17 1.08 9.2 "2"
"1239" 8.1 0.73 0 2.5 0.081 12 24 0.99798 3.38 0.46 9.6 "2"
"879" 8.8 0.61 0.19 4 0.094 30 69 0.99787 3.22 0.5 10 "4"
"599" 8.5 0.585 0.18 2.1 0.078 5 30 0.9967 3.2 0.48 9.8 "4"
"305" 8.4 0.65 0.6 2.1 0.112 12 90 0.9973 3.2 0.52 9.2 "3"
"1552" 7.1 0.67 0 2.3 0.083 18 27 0.99768 3.44 0.54 9.4 "3"
"659" 7.2 0.52 0.07 1.4 0.074 5 20 0.9973 3.32 0.81 9.6 "4"
"1308" 6.8 0.68 0.09 3.9 0.068 15 29 0.99524 3.41 0.52 11.1 "2"
"390" 9.6 0.38 0.31 2.5 0.096 16 49 0.9982 3.19 0.7 10 "5"
"719" 8.4 0.56 0.04 2 0.082 10 22 0.9976 3.22 0.44 9.6 "3"
"574" 10.5 0.59 0.49 2.1 0.07 14 47 0.9991 3.3 0.56 9.6 "2"
"441" 12.6 0.31 0.72 2.2 0.072 6 29 0.9987 2.88 0.82 9.8 "6"
"1262" 6.3 1.02 0 2 0.083 17 24 0.99437 3.59 0.55 11.2 "2"
"168" 7.3 0.55 0.03 1.6 0.072 17 42 0.9956 3.37 0.48 9 "2"
"97" 6.8 0.775 0 3 0.102 8 23 0.9965 3.45 0.56 10.7 "3"
"539" 12.9 0.35 0.49 5.8 0.066 5 35 1.0014 3.2 0.66 12 "5"
"142" 9.78570247851312 0.378571797546465 0.512856921472121 2.14285123925656 0.0705714359509293 6.1428719018586 16 0.995725695246602 3.18428615705576 0.672857438037172 11.8571539263939 "6"
"40" 7.3 0.45 0.36 5.9 0.074 12 87 0.9978 3.33 0.83 10.5 "3"
"1555" 6.6 0.855 0.02 2.4 0.062 15 23 0.99627 3.54 0.6 11 "4"
"562" 9 0.44 0.49 2.4 0.078 26 121 0.9978 3.23 0.58 9.2 "3"
"877" 7.1 0.47 0 2.2 0.067 7 14 0.99517 3.4 0.58 10.9 "2"
"1479" 7.1 0.875 0.05 5.7 0.082 3 14 0.99808 3.4 0.52 10.2 "1"
"91" 8.26190724750049 0.871664926749654 0.109041156498715 2.16190724750049 0.0768566954499111 5.76185504999012 17.4283477249555 0.996509536237502 3.2971443485003 0.538097972250543 10.6190724750049 "2"
"4" 9.68053137874231 0.705831831838004 0.399805364673957 3.69292003875598 0.0774123886600137 7.01415992248803 32.9238967774436 0.999639787855595 3.31398228737526 0.548672570874915 9.51185829900205 "1"
"705" 9.1 0.765 0.04 1.6 0.078 4 14 0.998 3.29 0.54 9.7 "2"
"1294" 7.5 0.755 0 1.9 0.084 6 12 0.99672 3.34 0.49 9.7 "2"
"610" 6.3 0.36 0.19 3.2 0.075 15 39 0.9956 3.56 0.52 12.7 "4"
"1060" 8.9 0.48 0.53 4 0.101 3 10 0.99586 3.21 0.59 12.1 "5"
"536" 9.1 0.22 0.24 2.1 0.078 1 28 0.999 3.41 0.87 10.3 "4"
"1234" 10.2 0.23 0.37 2.2 0.057 14 36 0.99614 3.23 0.49 9.3 "2"
"914" 9.4 0.395 0.46 4.6 0.094 3 10 0.99639 3.27 0.64 12.2 "5"
"221" 10.3775605474599 0.32581704105949 0.465512109491974 5.66317479913123 0.072418295894051 5 13.581704105949 0.99752243945254 3.21448789050803 0.787036767329555 12.2897578101605 "6"
"212" 10.1743452483788 0.317207672186196 0.465357802975923 5.89738099351525 0.0739773147348314 5.13961639069021 13.5584655627608 0.997432460331172 3.21883068874478 0.833961639069021 12.4743452483788 "6"
"1032" 7.3 0.55 0.01 1.8 0.093 9 15 0.99514 3.35 0.58 11 "5"
"1270" 5.5 0.49 0.03 1.8 0.044 28 87 0.9908 3.5 0.82 14 "6"
"814" 6.9 0.39 0.24 2.1 0.102 4 7 0.99462 3.44 0.58 11.4 "2"
"1566" 6.7 0.67 0.02 1.9 0.061 26 42 0.99489 3.39 0.82 10.9 "4"
"27" 7.13687206264585 0.894357832889073 0.05 5.03630287237465 0.0781284334221855 6.13412532489747 20.4526109630242 0.997890108877374 3.38340757180937 0.525530809396878 10.1078198433854 "1"
"102" 8.81119313745294 0.411552274501882 0.436462490239646 1.8 0.0692671588247176 6.42238627490588 13.6895450996235 0.994931911411551 3.29086592151318 0.69 12.0379090199247 "6"
"72" 7.82823550521862 0.561529348434415 0.160588763046544 2.35647101043724 0.0681059055740479 26.6587686431594 37.0940585387871 0.993656113805021 3.38658768643159 0.734352898956276 12.8129420208745 "6"
"1088" 7.9 0.19 0.42 1.6 0.057 18 30 0.994 3.29 0.69 11.2 "4"
"13" 9.42611122692469 0.726238337431569 0.351770625757053 2.1 0.156332084045978 9.71236503100954 26.367203068221 0.998661729478475 3.2071236503101 0.604867386501282 8.80840496935416 "1"
"548" 10.6 0.31 0.49 2.5 0.067 6 21 0.9987 3.26 0.86 10.7 "4"
"261" 7.26434603743255 1.1067279127799 0.0335653962567449 4.51670853048563 0.100078064117581 3.65738414973021 12.3565396256745 0.996988742311448 3.43286920748651 0.480556951016188 10.4300844524056 "1"
"1177" 6.5 0.88 0.03 5.6 0.079 23 47 0.99572 3.58 0.5 11.2 "2"
"1392" 8 0.64 0.22 2.4 0.094 5 33 0.99612 3.37 0.58 11 "3"
"439" 10.4 0.41 0.55 3.2 0.076 22 54 0.9996 3.15 0.89 9.9 "4"
"1413" 8.2 0.24 0.34 5.1 0.062 8 22 0.9974 3.22 0.94 10.9 "4"
"997" 5.6 0.66 0 2.2 0.087 3 11 0.99378 3.71 0.63 12.8 "5"
"1000" 6.4 0.69 0 1.65 0.055 7 12 0.99162 3.47 0.53 12.9 "4"
"976" 7.2 0.41 0.3 2.1 0.083 35 72 0.997 3.44 0.52 9.4 "3"
"725" 7.5 1.115 0.1 3.1 0.086 5 12 0.9958 3.54 0.6 11.2 "2"
"401" 8.81395171429031 0.31953494285699 0.52093011428602 3.11255908571184 0.0792186022857204 9.51628971425816 24.8139771427959 0.996751628971426 3.22813977142796 0.896558068571612 12.1297687428538 "6"
"363" 11.9 0.58 0.66 2.5 0.072 6 37 0.9992 3.05 0.56 10 "3"
"608" 8.8 0.48 0.41 3.3 0.092 26 52 0.9982 3.31 0.53 10.5 "4"
"444" 10 0.44 0.49 2.7 0.077 11 19 0.9963 3.23 0.63 11.6 "5"
"61" 8.07941057467833 0.798235770128667 0.254117885064334 2.03970528733917 0.0825808436770458 11 65.3823172403499 0.996686762206825 3.27213262069738 0.501837908036541 9.6808841379825 "2"
"267" 8.1 0.87 0 3.3 0.096 26 61 1.00025 3.6 0.72 9.8 "2"
"200" 6.9 1.09 0.06 2.1 0.061 12 31 0.9948 3.51 0.43 11.4 "2"
"1303" 9.1 0.37 0.32 2.1 0.064 4 15 0.99576 3.3 0.8 11.2 "4"
"1434" 6.1 0.4 0.16 1.8 0.069 11 25 0.9955 3.42 0.74 10.1 "5"
"71" 5.71563814198598 0.61884361858014 0.0265308557404205 1.5115638141986 0.0787279804381542 5.76872371602803 12.4218092900701 0.994862049095174 3.62183941314463 0.591090464503504 10.1346914425958 "2"
"597" 12.4 0.4 0.51 2 0.059 6 24 0.9994 3.04 0.6 9.3 "4"
"327" 11.6 0.53 0.66 3.65 0.121 6 14 0.9978 3.05 0.74 11.5 "5"
"1125" 6.5 0.58 0 2.2 0.096 3 13 0.99557 3.62 0.62 11.5 "2"
"92" 8.26738089635037 0.410496597038582 0.370993194077164 1.84751701480709 0.0651489791115746 8.13826566631906 16.0389462586027 0.995055462567424 3.32148979111575 0.706630955182482 11.6049659703858 "6"
"1264" 8.2 0.78 0 2.2 0.089 13 26 0.9978 3.37 0.46 9.6 "2"
"849" 6.4 0.64 0.21 1.8 0.081 14 31 0.99689 3.59 0.66 9.8 "3"
"34" 10.7241279039532 0.798968024011701 0.515481104152277 2.17810319759883 0.0877949855127372 8.90515987994149 38.6792150875553 0.999477433134969 3.30474200600293 0.532775435918011 9.41603924562223 "1"
"634" 10.1 0.935 0.22 3.4 0.105 11 86 1.001 3.43 0.64 11.3 "2"
"341" 8.36834836679045 0.334388387773652 0.491223224452697 3.35021420437843 0.0786244644890539 12.1899097992573 30.7553551094607 0.997018990979926 3.28755355109461 0.878733934671618 12.4565445310203 "6"
"122" 5.05215899343602 0.427302259081043 0.21809322275687 1.97913640262559 0.0583309122100472 19.9388618818484 53.8597655142657 0.991606113811815 3.69705004288815 0.748345438949764 14 "6"
"30" 11.3408327766461 0.596989851308754 0.624868443056475 2.40157450705301 0.0744607417304069 9.59685098589398 45.0994403620716 1.00064334781166 3.25863890744513 0.567120364184957 9.06911125956103 "1"
"913" 10 0.46 0.44 2.9 0.065 4 8 0.99674 3.33 0.62 12.2 "4"
"1007" 9.1 0.29 0.33 2.05 0.063 13 27 0.99516 3.26 0.84 11.7 "5"
"271" 6.7071899655275 0.511456605296116 0.148543394703884 2.18291321059223 0.0630485535098705 28.1456605296116 46.9514464901295 0.993205985433876 3.56147521748673 0.74 13.2073760874337 "6"
"1012" 8.9 0.32 0.31 2 0.088 12 19 0.9957 3.17 0.55 10.4 "4"
"987" 9.8 0.34 0.39 1.4 0.066 3 7 0.9947 3.19 0.55 11.4 "5"
"530" 9.9 0.63 0.24 2.4 0.077 6 33 0.9974 3.09 0.57 9.4 "3"
"303" 8.3 0.705 0.12 2.6 0.092 12 28 0.9994 3.51 0.72 10 "3"
"1473" 7.6 0.35 0.6 2.6 0.073 23 44 0.99656 3.38 0.79 11.1 "4"
"57" 10.2 0.42 0.57 3.4 0.07 4 10 0.9971 3.04 0.63 9.6 "3"
"1523" 6.1 0.32 0.25 2.3 0.071 23 58 0.99633 3.42 0.97 10.6 "3"
"21" 10.1197457442526 0.663715399018256 0.444225138227921 2.30084888328565 0.190377937219338 5 15.8131638295017 0.999138429361302 3.2039065000671 0.621592372327577 8.61486159607303 "1"
"391" 7.30090217161924 0.527518795242067 0.262616530500818 2.32526313338894 0.0680120289549231 12.992481903173 34.4736866611056 0.991963082652504 3.2748872285476 0.744962409515865 13.3246616856428 "6"
"283" 7.6 0.52 0.12 3 0.067 12 53 0.9971 3.36 0.57 9.1 "3"
"300" 6.9 0.67 0.06 2.1 0.08 8 33 0.99845 3.68 0.71 9.6 "3"
"19" 8.65262679995503 0.81855744645698 0.241985739348456 2.1 0.121650040385081 13.4550316131208 34.6010695488658 0.998075378380611 3.24455031613121 0.584906498063356 9.13276940647047 "1"
"371" 10.0887696061283 0.36910094980849 0.518539430114906 2.29438480306417 0.0703820189961698 5.76403799233958 16 0.996214390989882 3.17292113977019 0.665280759846792 11.5730284942547 "6"
"1210" 6.2 0.39 0.43 2 0.071 14 24 0.99428 3.45 0.87 11.2 "5"
"648" 8.3 0.845 0.01 2.2 0.07 5 14 0.9967 3.32 0.58 11 "2"
"1301" 5.2 0.645 0 2.15 0.08 15 28 0.99444 3.78 0.61 12.5 "4"
"172" 8.19707795483992 0.505340905268677 0.379610393978655 2.32670452634338 0.074762175188167 7.7524350376334 16.7524350376334 0.992911972464572 3.20247564962367 0.712573051129002 12.95146102258 "6"
"1418" 7.3 0.34 0.33 2.5 0.064 21 37 0.9952 3.35 0.77 12.1 "5"
"1410" 6 0.51 0 2.1 0.064 40 54 0.995 3.54 0.93 10.7 "4"
"711" 10.6 1.025 0.43 2.8 0.08 21 84 0.9985 3.06 0.57 10.1 "3"
"311" 10.9591498743277 0.344544213172048 0.55591498743277 2.54544213172048 0.0702727893413976 5.13639467069879 17.7731307190843 0.997404592006048 3.11317343891133 0.673187094018795 10.8363263951614 "6"
"1557" 6.6 0.88 0.04 2.2 0.066 12 20 0.99636 3.53 0.56 9.9 "3"
"378" 9.4 0.27 0.53 2.4 0.074 6 18 0.9962 3.2 1.13 12 "5"
"815" 12.6 0.41 0.54 2.8 0.103 19 41 0.99939 3.21 0.76 11.3 "4"
"121" 7.8312353153713 0.387271019117907 0.476768435947597 2.51921089868993 0.0789783934969455 23.131047418341 81.3339596567675 0.99729371535752 3.3248473460786 0.712926256209612 9.62423673039302 "2"
"700" 11.8 0.38 0.55 2.1 0.071 5 19 0.9986 3.11 0.62 10.8 "4"
"42" 7.62920644849073 0.376321087584365 0.336978691047989 2.0735782483127 0.0577168257939629 13.7736958614551 27.4058046198916 0.995024123426359 3.22018956689164 0.746510654476006 11.2632108758437 "6"
"465" 11.5 0.315 0.54 2.1 0.084 5 15 0.9987 2.98 0.7 9.2 "4"
"381" 8.3 0.26 0.42 2 0.08 11 27 0.9974 3.21 0.8 9.4 "4"
"292" 7.2 0.345620430628769 0.323751827748492 1.79372258377261 0.0594379569371231 6.74890335090458 17.9985378012061 0.995600116975904 3.23 0.99378107172437 10.406131196348 "6"
"1460" 7.9 0.2 0.35 1.7 0.054 7 15 0.99458 3.32 0.8 11.9 "5"
"8" 7.51836486123502 1.16794982356019 0.0186001924797893 4.19222667487338 0.0963518114741892 5.14091054908931 14.9300096239895 0.996718364861235 3.61929079826921 0.540845463294536 10.6520904133096 "1"
"1373" 8.7 0.78 0.51 1.7 0.415 12 66 0.99623 3 1.17 9.2 "3"
"321" 11.0067889888305 0.343541284445673 0.560678898883052 2.53541284445673 0.0703229357777163 5.16146788885817 18.0990825551562 0.997442201833287 3.10640367000829 0.677449541105889 10.8062385333702 "6"
"211" 7.44504294616636 0.369498159450013 0.362509202749934 2.56009816266596 0.063701349736657 15 31.8004908133298 0.995623158287299 3.27200736219995 0.795006135166623 11.8250920274993 "6"
"935" 6.6 0.61 0.01 1.9 0.08 8 25 0.99746 3.69 0.73 10.5 "3"
"171" 7.9 0.885 0.03 1.8 0.058 4 8 0.9972 3.36 0.33 9.1 "2"
"182" 8.9 0.61 0.49 2 0.27 23 110 0.9972 3.12 1.02 9.3 "3"
"656" 9.7 0.55 0.17 2.9 0.087 20 53 1.0004 3.14 0.61 9.4 "3"
"227" 8.9 0.59 0.5 2 0.337 27 81 0.9964 3.04 1.61 9.5 "4"
"1406" 7.7 0.28 0.3 2 0.062 18 34 0.9952 3.28 0.9 11.3 "5"
"1470" 7.3 0.98 0.05 2.1 0.061 20 49 0.99705 3.31 0.55 9.7 "1"
"1208" 9.9 0.72 0.55 1.7 0.136 24 52 0.99752 3.35 0.94 10 "3"
"113" 7.21297025121748 0.390076735345647 0.336907170009799 3.08472768841311 0.0682670785589144 18.7214111392386 51.3131197663024 0.995439294430381 3.39293935929891 0.848549504186958 13.1435148743913 "6"
"460" 11.6 0.58 0.66 2.2 0.074 10 47 1.0008 3.25 0.57 9 "1"
"239" 7.2 0.63 0 1.9 0.097 14 38 0.99675 3.37 0.58 9 "4"
"488" 10.2 0.645 0.36 1.8 0.053 5 14 0.9982 3.17 0.42 10 "4"
"928" 8.4 0.67 0.19 2.2 0.093 11 75 0.99736 3.2 0.59 9.2 "2"
"161" 8.20544120739214 0.390583591656759 0.410544120739214 1.89416408343241 0.0639376937425695 10.7665633372962 22.1206654231064 0.994667082041716 3.21941640834324 0.722957429201342 11.9350154994056 "6"
"361" 10.3423170857131 0.361922763809562 0.506154472380877 2.46373984217644 0.0696593496054411 5.17032519727945 15.3186992108822 0.99685253659755 3.18406503945589 0.656813007891178 11.1192276380956 "6"
"1158" 5.1 0.51 0.18 2.1 0.042 16 101 0.9924 3.46 0.87 12.9 "5"
"329" 13.4 0.27 0.62 2.6 0.082 6 21 1.0002 3.16 0.67 9.7 "4"
"1370" 6.6 0.61 0 1.6 0.069 4 8 0.99396 3.33 0.37 10.4 "2"
"1181" 8.2 0.35 0.33 2.4 0.076 11 47 0.99599 3.27 0.81 11 "4"
"279" 10.3 0.32 0.45 6.4 0.073 5 13 0.9976 3.23 0.82 12.6 "6"
"417" 10.6 0.48 0.64 2.2 0.111 6 20 0.997 3.26 0.66 11.7 "4"
"314" 8.6 0.47 0.3 3 0.076 30 135 0.9976 3.3 0.53 9.4 "3"
"623" 10 0.58 0.22 1.9 0.08 9 32 0.9974 3.13 0.55 9.5 "3"
"304" 7.4 0.67 0.12 1.6 0.186 5 21 0.996 3.39 0.54 9.5 "3"
"1221" 10.9 0.32 0.52 1.8 0.132 17 44 0.99734 3.28 0.77 11.5 "4"
"1544" 11.1 0.44 0.42 2.2 0.064 14 19 0.99758 3.25 0.57 10.4 "4"
"9" 7.54928308180533 1.47983408656553 0 2.64520687059267 0.126856616361067 5 10.2679229548667 0.995226595647391 3.53296599682653 0.435501842736267 10.8492830818053 "1"
"1062" 9.1 0.4 0.5 1.8 0.071 7 16 0.99462 3.21 0.69 12.5 "6"
"1009" 8.9 0.35 0.4 3.6 0.11 12 24 0.99549 3.23 0.7 12 "5"
"888" 10.7 0.52 0.38 2.6 0.066 29 56 0.99577 3.15 0.79 12.1 "5"
"929" 8.6 0.47 0.27 2.3 0.055 14 28 0.99516 3.18 0.8 11.2 "3"
